No Parsing:
	BR: 0.289277463
	SC: 0.580111194
Parsing:
	BR: 0.473503986
	SC: 2.370217522